world: 1b826abf-89fc-402a-bfa9-9bb547dfd64f
world-name: world
x: -14.248407566677363
y: 79.0
z: -1.552551447176937
yaw: -0.289642333984375
pitch: 0.15001823008060455
name: Shop
lastowner: d14c950c-824d-3891-a7e0-166d6c7cf083
